-1.127198816510153190e+00
1.025164479216896574e+00
-1.066907302589207074e+00
-7.725702044251041567e-01
-3.397888050508279800e-01
-7.822996593571827084e-01
-4.432419880557927905e-01
-2.413370246199302294e-01
-6.530553000436600808e-01
-1.168449177360554758e+00
-1.534676066650025872e+00
-7.382956094922238366e-01
3.209929160868946196e-01
1.069523418259869657e-01
-4.035020626634400753e-01
-7.637112524381836076e-01
-1.152140771263416852e+00
1.305903317186699053e-01
-4.507647112632073849e-01
1.016630117032777836e+00
2.322962141455623131e-01
4.933164230754881197e-01
8.524035270769977357e-01
-5.376971401725383348e-01
5.095421510047254410e-02
2.741719640625934207e-01
5.719508450173393932e-01
4.872493802848941735e-01
5.289509611139420198e-01
-1.102294186971948475e+00
-7.395328511629436496e-01
3.182933725847399420e-01
8.197909099224389706e-01
2.114269800478965067e+01
2.119293354364277704e+01
6.820638464358300679e-01
-4.783743578294525900e-01
-2.153600096700598876e-01
-4.730029959733703659e-01
1.138402222425556054e-01
-6.142460608625966573e-02
-1.902467215613593554e+00
-1.711324185818095422e+00
-3.024405931704244210e+00
-3.430938675094384327e-01
-3.518675189669184245e-01
-4.786523928970879416e-01
1.043955031261435407e-01
-1.962208522142489531e-01
-8.494384838606083843e-01
7.679956859856273965e-02
-1.892317298789865654e-01
2.102143687381404780e-01
-9.804295869582991818e-01
2.121651829659111499e+01
2.108828759005047360e+01
2.704596098437913043e-01
-1.671434687759464577e+00
-2.360028757994367066e+00
-2.068016313071439072e+00
-1.020988999797788788e+00
1.088293644051703479e+00
-1.455545094929448169e+00
-2.394996519297978299e+00
1.919227177977212428e-01
-4.303425346814817032e-01
3.107745573632082481e-01
2.138955865483646335e+01
-4.096718655546521148e+00
-1.135938289384253036e-01
3.644305806291258526e-02
1.415990389093458868e-01
-1.018379299245085079e+00
-1.682711582287957475e+00
-3.491892346277605252e-01
-1.328606059378365956e+00
-6.441069245348938210e-01
-4.873880479497320617e-01
8.724495728202928957e-01
-1.001488090450883828e-01
-5.722771735503741075e-01
-9.144635575858434118e-01
-8.103693534939241383e-01
6.746763339377499502e-01
9.464941424605044507e-02
5.477263536751845185e-01
1.283726648573071671e-01
-8.610310326863054309e-01
9.861925798786432829e-01
1.687351053841051329e-01
2.118344774877685310e+01
2.107927883853635009e+01
2.313607401858344126e-01
-4.574525270726660930e-01
2.131018442760684906e+01
8.285499479603528616e-01
8.808910258832735041e-01
-9.370942337645762343e-01
2.125864664805319038e+01
6.004414290824228173e-01
2.116389819536975025e+01
2.121687217850731955e+01
2.100702515598198872e+01
2.106057137599347229e+01
2.148075200863587142e+01
2.116657060624604370e+01
2.125311037766180533e+01
2.119313149402627516e+01
2.113140069710530611e+01
-5.120255696722811889e-01
2.155795784441637153e+01
2.170527006150416938e+01
2.105507108985814213e+01
2.097809796850395259e+01
2.162867520835708035e+01
2.119636056016190651e+01
2.093602514462438791e+01
2.145287544340012431e+01
2.114624067239700622e+01
2.153194086969822152e+01
2.116265337564814786e+01
2.100245301252764563e+01
2.131610703269685914e+01
2.118270172692423259e+01
2.090563583152575688e+01
2.101580895626736023e+01
2.102906849654521437e+01
2.108534751489177594e+01
2.119640197816548266e+01
2.115217593579334832e+01
2.118241851030734679e+01
2.090173383095130788e+01
2.105822097973079821e+01
2.147662074085184969e+01
2.128465208069175318e+01
2.098109958351882653e+01
2.098445969395860189e+01
2.090652082364672282e+01
2.106291039475359028e+01
2.105903299960885278e+01
2.139452770360132661e+01
2.110662375489679832e+01
2.094067534405714426e+01
2.099382838274958374e+01
2.102508585863893842e+01
2.126002631636586671e+01
2.096925822980916365e+01
2.135965786697815005e+01
2.112992099861588002e+01
2.103360372575327375e+01
2.113528625143539230e+01
2.116112207179821070e+01
2.145314580509715086e+01
2.097005061951825411e+01
2.107702482131393040e+01
2.090203899659299935e+01
2.107630951535684005e+01
2.119798042728580256e+01
2.116967466555672317e+01
2.139776986947739346e+01
2.091121463216645182e+01
2.109539703446206360e+01
2.122964477673770034e+01
2.112857687967888154e+01
2.126676536780522042e+01
2.140054834139416329e+01
2.132220725144147266e+01
2.109343682962712663e+01
2.112128057650138757e+01
2.104841532575687779e+01
2.099947188046659008e+01
2.132954597908621963e+01
2.117533342404254171e+01
2.101272161426691909e+01
2.119855223124846688e+01
2.098955472803396560e+01
2.114229288110582772e+01
2.090118121299950715e+01
2.109657129224550687e+01
2.098349818436879843e+01
2.113622620253990547e+01
2.108126168048407933e+01
2.173501959632357128e+01
2.135259658578883091e+01
2.115631145807556379e+01
2.105442930143193792e+01
2.140250778738354143e+01
2.114824503948380752e+01
2.113313008839125828e+01
2.132001999956437643e+01
2.107204960869663779e+01
2.099159982893291598e+01
2.093468104641121741e+01
2.119597497238323314e+01
2.121283755901862023e+01
2.093068797359647348e+01
2.117837094840916734e+01
2.123680248222999012e+01
2.116174450110932526e+01
2.087760627259185142e+01
2.095168629349160483e+01
2.122253902351348387e+01
2.128190907815295674e+01
2.106941624378562850e+01
2.131909506927105724e+01
2.098564791088481130e+01
2.098722642994772514e+01
2.091383198300266599e+01
2.106818275368558702e+01
2.109579631830411728e+01
2.103784844793588604e+01
2.113397234940075720e+01
2.126053696078676225e+01
2.106713745348512745e+01
2.126582046018237548e+01
2.093068923424387151e+01
2.099250072152088720e+01
2.106904748332377508e+01
2.118339316618281032e+01
2.099884614255782722e+01
2.098778497285222855e+01
2.157531161392371644e+01
2.102473460093814595e+01
2.140006181608471181e+01
2.097496361872605775e+01
2.139441764908765009e+01
2.109763059288738418e+01
2.107851943562591401e+01
2.133157563707676729e+01
2.108745690679551643e+01
2.091880387498550675e+01
2.122998463312553952e+01
2.120412556559875483e+01
2.106831463734843624e+01
2.153147718115995701e+01
2.096399543573999580e+01
2.104666377239066932e+01
2.107368903733663501e+01
2.118459989791558584e+01
2.109730888826996420e+01
2.096204801252067895e+01
2.110763081263683105e+01
2.091312812949553290e+01
2.094532368390444432e+01
2.107095887617958851e+01
2.110869630377160178e+01
2.089273350926577422e+01
2.135353257806781002e+01
2.107736364658505224e+01
2.135129820957566693e+01
2.095732300286239891e+01
2.122290390580051778e+01
2.114326177830907838e+01
2.096950955824516782e+01
2.092400488668122449e+01
2.133314613963167616e+01
2.101600631329341695e+01
2.109428728076465021e+01
2.142519654546798336e+01
2.087533349470036725e+01
2.128356329009842440e+01
2.098857842241571348e+01
2.115594681996194026e+01
2.106000224098086093e+01
2.147648321156412266e+01
2.102279029926771514e+01
2.093557932455895809e+01
2.118856614269827077e+01
2.120310858537599685e+01
2.103077299540413492e+01
2.109566465521143641e+01
2.136109997394253668e+01
2.117120378810811232e+01
2.091592795367881052e+01
2.096743542770015267e+01
2.093904128437286971e+01
2.114530436507536493e+01
2.120626209578983890e+01
2.091046739066122839e+01
2.101336524327359356e+01
2.152398018536131019e+01
2.117234293413760327e+01
2.095604568961568503e+01
2.093040701051577912e+01
2.087535568378705264e+01
2.108263161499405314e+01
2.109244978011811256e+01
2.108390028764782187e+01
2.147355407354733714e+01
2.109840193140081510e+01
2.086555946307414189e+01
2.116217500070459323e+01
2.164374496411975102e+01
2.109304477962986013e+01
2.124882837509507993e+01
2.119237203474278886e+01
2.101277089263057007e+01
2.103407281776201643e+01
2.100388394372839684e+01
2.136679943954696625e+01
2.119381512209566409e+01
2.100555656642616498e+01
2.086784524095467219e+01
2.091131338918244609e+01
2.122633053710747930e+01
2.105434349257497928e+01
2.113456977429228800e+01
2.122169245161893869e+01
2.126148785719698253e+01
2.110984632628325031e+01
2.109372238023187052e+01
2.126709105596411220e+01
2.117594550773234019e+01
2.108954489855920755e+01
2.105379406676401288e+01
2.112277804248120816e+01
2.093492885998114517e+01
2.094760687400033206e+01
2.133454355667900160e+01
2.097944290501756370e+01
2.142242190598896556e+01
2.096950857922563571e+01
2.086969023732857664e+01
2.112732703802432255e+01
2.103372992835720368e+01
2.109150409504567136e+01
2.109738103732578551e+01
2.109605365842822167e+01
2.091466912906960118e+01
2.102803148631536345e+01
2.125054016074016516e+01
2.121104058505208201e+01
2.114407990184911412e+01
2.106820784602641794e+01
2.114346051483443034e+01
2.100002709963387915e+01
2.103309983053799570e+01
2.158116981560048941e+01
2.149027491307496973e+01
2.112555191999239668e+01
2.136936171044865063e+01
2.088589579307738830e+01
2.103380253642349729e+01
2.133634724889279966e+01
2.106031387408860311e+01
2.092175287421812513e+01
2.119006035956046929e+01
2.124435941447447007e+01
2.104324855042580822e+01
2.110108989626549558e+01
2.117651499198119680e+01
2.117399836994822238e+01
2.093080445965453862e+01
2.121220393954057926e+01
2.148912119158376655e+01
2.090655673904811351e+01
2.108129649077874390e+01
2.114877835485799196e+01
2.128108905987356536e+01
2.095958406512391292e+01
2.112839659328519204e+01
2.146130909364737249e+01
2.112702946807250370e+01
2.149622322449216227e+01
2.087398438698532388e+01
2.102557790505008484e+01
2.112885156135260445e+01
2.114508954883269709e+01
2.113988359443827036e+01
2.096546612709692070e+01
2.114189473505581418e+01
2.118162912293222178e+01
2.089896680746615232e+01
2.099661543927177121e+01
2.092397204732513316e+01
2.098542910884660273e+01
2.097894673328686110e+01
2.099534332856321228e+01
2.096913635921290719e+01
2.148998926288081179e+01
2.091394394679309698e+01
2.119767131579322950e+01
2.090051400428053441e+01
2.102307372878978597e+01
2.115931786151297445e+01
2.099772233783775732e+01
2.090718202516976021e+01
2.105121875583865787e+01
2.104685869450729996e+01
2.094579497240033916e+01
2.143066458848157296e+01
2.122479033904140877e+01
2.099609200866800052e+01
2.111392466402676149e+01
2.142015687592122219e+01
2.091005407212125533e+01
2.095643547177860810e+01
2.135816911640827698e+01
2.107772895460179541e+01
2.103667736625691376e+01
2.131482319615135523e+01
2.097615913551235778e+01
2.101871381699773522e+01
2.111183664229506718e+01
2.094555903409401054e+01
2.105574814249788673e+01
2.108887979240263633e+01
2.098231850142952837e+01
2.116648485465541896e+01
2.117960023048124540e+01
2.116258802349253187e+01
2.090731768517508726e+01
2.105990553601369086e+01
2.101867394402364297e+01
2.112116061180434201e+01
2.104247583169643931e+01
2.127947086905374263e+01
2.136821994604025221e+01
2.115361297813781505e+01
2.116538112793135440e+01
2.167562533809545400e+01
2.110143809222732258e+01
2.127010364915939888e+01
2.119285481638041091e+01
2.112609411488933020e+01
2.110454239700253964e+01
2.102747361193576126e+01
2.120926080101830280e+01
2.114639443789364393e+01
2.117683758143683548e+01
2.086003336923479168e+01
2.133981935612308689e+01
2.117156118444107094e+01
2.101113701870210448e+01
2.133815480644413398e+01
2.103020356530786117e+01
2.125280370922507345e+01
2.117984796847457929e+01
2.092086647292134316e+01
2.111464197040328017e+01
2.118962754059865716e+01
2.122153299419936801e+01
2.137531792881218351e+01
2.103246780101383706e+01
2.127212581720660722e+01
2.134979612956209039e+01
2.119030451642815649e+01
2.101183891628642542e+01
2.123773852040396548e+01
2.121044654717174183e+01
2.095638097753395002e+01
2.112408319171267124e+01
2.135132631504082212e+01
2.123633383237671168e+01
2.106900985758511169e+01
2.138612865784680750e+01
2.100017292337436103e+01
2.128761211527451991e+01
2.135552850784214129e+01
2.140303486024816948e+01
2.160837050560893147e+01
2.091644139938654234e+01
2.118264125448119373e+01
2.121215844389610794e+01
2.094919325011374767e+01
2.150922450742312719e+01
2.160940861152751680e+01
2.107957570351961607e+01
2.138429294203072573e+01
2.088314187862194515e+01
2.117909299263365952e+01
2.109181064432373276e+01
2.120136761328516428e+01
2.114865179830950837e+01
2.122997986652260138e+01
2.098784979693144592e+01
2.096583909982675209e+01
2.109353776512512013e+01
2.123117872630379566e+01
2.153956268587483081e+01
2.096256952174536181e+01
2.132833304720357503e+01
2.121938455576047033e+01
2.113893598836627774e+01
2.108265820856961881e+01
2.099558553217272205e+01
2.110774886126847960e+01
2.138795567140005005e+01
2.103135363473799302e+01
2.108174335883471784e+01
2.102341573287114329e+01
2.117101292542199431e+01
2.118841074265715463e+01
2.109995229474887779e+01
2.115543027115090169e+01
2.117015002765381482e+01
2.095439232423116493e+01
2.119639469007874055e+01
2.096091299667352104e+01
2.154849564157199637e+01
