-3.084166159628825454e+00
4.717605244214773563e+00
-1.280637018963694729e+01
-1.179938750911583512e+01
-1.450400801802899586e+01
-1.254577423881799803e+01
1.445702377239862102e+01
1.139666624802300987e+01
1.100755342466271713e+01
-1.094853523275943274e+01
-1.148757835585878873e+01
-1.232589393152280621e+01
2.853269555653483280e+00
-1.441654383264854111e+01
1.437070427182170107e+01
-1.399001601497265668e+01
-3.975167121645277746e-01
-4.139482102443141187e+00
1.012681726734629351e+01
1.189866998146685972e+01
1.211723731712235619e+01
-1.118010551216661774e+01
-1.225073617561993089e+01
1.410443182578922716e+01
1.657488424612076017e+00
-1.287091088172600450e+01
4.911523952434198037e-01
-4.659795548775067076e+00
-1.006568859709068420e+01
-1.108066070447347329e+01
-6.136793720423813880e+00
-1.127363630003557837e+01
1.039380879103888233e+01
-1.453140449729179906e+01
-8.441997125458481577e+00
-1.337574169612690866e+01
-1.335138143008420641e+01
1.091342149848081178e+01
4.333867768494336303e+00
6.815713622767763269e+00
-1.174615869007746127e+01
-1.106503278238338162e+01
-3.704229335957620606e-02
-6.140885663705763164e+00
-1.188668430698652934e+01
-1.165638434502808529e+01
8.474248822192631536e+00
-1.008107910546265984e+01
8.138851074902103022e+00
-7.229970983172748333e+00
-1.082028787588735597e+01
-6.289786067268979153e+00
-1.047052677350817973e+01
-1.495963615424350124e+01
-1.451642958484517898e+01
4.254278675950232014e+00
-8.147764623936712525e+00
-1.471375270761836340e+01
-1.033207933781140397e+01
1.133161427980124358e+01
3.598317497348755722e+00
-1.388327233385316894e+01
3.869332860333852153e+00
-9.628923949789692571e+00
1.063518316112878992e+01
1.270560309996333359e+01
-1.115913644501626223e+01
-1.025764780759223527e+01
1.396550486058018237e+00
-4.793158626627285201e+00
-3.276827048004260945e+00
1.057543491020462767e+01
-3.405269011909803467e+00
9.287696885217638254e+00
5.340370071147372499e+00
-1.256605548666540706e+01
-1.919642878593331048e+00
-1.127854910110092135e+01
-1.250810832587252008e+00
1.138540208249420971e+01
6.467804404325963930e+00
2.472463044523390607e+00
8.965410704485989868e+00
9.465368457301195804e+00
2.076771728604963840e+00
1.307460780807596024e+01
9.430071342538088430e+00
1.718620052102298956e+00
-9.009408778926891515e+00
-9.137951266021186569e+00
7.795697681962295178e+00
7.689158485714841618e+00
-4.539270162825600252e+00
1.106724673030241135e+01
-1.253337425318747833e+01
1.378913842812090707e+01
2.335231024016053425e+00
8.755924323462888736e+00
1.296871357505602518e+01
3.886234846534541987e-02
-1.400373207140341769e+01
2.383858588448664051e+00
1.170156435059554667e+01
9.155551610640163318e+00
1.493678629770183619e+00
-9.881564344568161573e+00
1.016189690380654298e+01
1.079556546158352504e+01
-1.461393114909013313e+01
1.372046796611861907e+01
1.161377598872376282e+01
1.301314777033931236e+01
1.403329235968097422e+01
4.357823186489145684e+00
4.801744248373456259e+00
-9.440757630531880551e+00
-7.653041335348377494e+00
9.610387349392233602e+00
1.423496397773629241e+01
1.245392745378691046e+01
-7.172712797776163995e-01
-1.168562418120350443e+00
-1.002040789391964637e+01
-6.626440477265465034e+00
-7.129398345668182202e+00
-7.455077821587608788e+00
-1.431263537733918056e+01
1.490117817618226681e+01
-1.469809223315293778e+01
1.252941906658922733e+01
5.210731864123637536e+00
-7.931587948814010858e+00
8.250909331646344214e+00
1.301782098927865761e+01
-1.382301564899579915e+01
1.364679677632765831e+01
-1.461617719851130026e+01
-1.366916243378552309e+01
1.169328122166851358e+01
-1.455061986669698371e+01
-2.420800292300452128e+00
-7.370711438229093027e+00
-3.715646491594771561e+00
1.458588031011906949e+01
-1.266141312806190555e+01
-8.970783139691713259e+00
-2.241097992879700129e+00
-1.400162737411040226e+01
-6.333146383122009837e+00
5.856891130460311956e+00
7.709115178581203764e+00
-5.166787164715085368e-01
1.438238599145971364e+01
-1.321329225898456627e+01
1.077897797406158276e+01
1.286124817773508511e+01
-7.274808992034773603e+00
1.387855066631599854e+01
1.450740293379846690e+01
-1.173586286964700420e+01
-1.449533434751596950e+01
-7.892744105107617258e+00
-1.100610792986631381e+01
1.143906095304771497e+00
1.244674617712728804e+01
-8.420940079728342909e+00
-9.166362723570649962e+00
1.371913485170088265e+01
-2.605644856288073186e+00
8.585725864364967208e+00
8.458419683841501779e+00
9.242164452556387744e+00
1.408351435855950129e+01
1.464359249989788836e+01
2.739514809484013824e+00
1.321374870816849523e+01
1.370607268777406063e+01
1.158603863698930070e+01
4.315475236529657366e+00
-1.224097376148299077e+01
8.555822394815312038e+00
1.404015452915378503e+01
-2.770179266255087924e+00
-7.504507921316665886e+00
-4.475845529610344542e+00
3.088049648664032532e+00
-8.086517371373638241e+00
1.446317275563534110e+01
1.356452414481907809e+01
9.121584579726722097e+00
7.184756766985206156e+00
-1.027871596155728184e+01
7.418920084162543560e+00
1.080523210070294482e+01
-1.306466691085407739e+01
1.469412802909331361e+01
3.661020598024165906e+00
9.373257409972090670e+00
-6.387835482152853572e+00
-7.272044320654974747e+00
-2.936605973251850799e+00
-1.493520515692724437e+01
-1.230394707728147630e+01
-6.064102019209654415e+00
-1.442995416683971932e+01
1.394557448776950181e+01
-1.410997063630243176e+01
6.435060075167310600e+00
-1.066090345433961240e+01
-8.941001870838597654e+00
-1.259840295948958300e+01
4.771796959536025895e+00
-5.429094444514568352e-01
1.132407273369806333e+01
-5.068440883330797675e+00
1.967128156518455739e+00
-1.330888334453382349e+01
-2.446637821207227503e+00
-1.233056098737354844e+01
6.599673357057799450e+00
-1.333495820757322470e+01
9.671507534602728384e+00
-1.132481416330531232e+01
-1.380642122280240258e+01
-1.194790004272320516e+00
1.379436849217598393e+01
-1.311813088980823672e+01
9.801441968245836023e+00
-1.483820878027284706e+01
-5.353847579751480623e+00
4.237411077512032165e+00
-9.768799063501951707e-01
1.462295380607522688e+01
1.345330857400768920e+01
1.235648605181697945e+00
7.546885562818527404e+00
-1.129435174194863833e+01
9.428564249536520947e+00
8.362147154500505053e+00
-1.102023953146206381e+01
1.739843962356950158e+00
-8.490561061483093752e+00
-7.482964769130996174e+00
-1.014363445395055408e+01
1.869170570000203924e+00
-1.406558046133526041e+01
1.034837909374601495e+01
-1.228753609061871188e+01
-1.294857961112604094e+01
-8.205473287935749482e+00
-2.470121427358948907e+00
1.224473012134529171e+01
1.081894291417895104e+01
-4.344926918909807867e+00
1.191840420999297478e+01
7.680710194873409336e+00
3.606403985699014214e+00
-1.154958962830522751e+01
1.286160625075708097e+01
1.143665612669586196e+01
-1.184281352804435450e+01
1.120004898598883258e+01
2.218725411886907750e+00
-1.494361139941281635e+01
-1.469652482864850462e+01
-9.829150214183094647e+00
-4.614330493036728598e+00
1.305985246001626621e+01
-1.493727846442483198e+01
-9.524798971152232951e+00
-7.981172352573463691e+00
-1.010887412055750900e+01
-4.364023845318932615e+00
9.870423248167430330e+00
-3.160585235629865153e+00
1.094698631508335396e+01
7.834926433919282118e+00
1.019547482981497666e+01
1.352284961001960184e+01
-6.691345264867404552e+00
-3.067812739697000524e+00
-1.328217954051022431e+01
-1.154890716575796006e-01
8.708179586795370852e+00
6.837942190349274085e+00
-1.327003697520149217e+01
-1.450259518450957508e+01
1.411962347583780542e+01
1.135268664219839252e+01
-6.900357315788848922e+00
-6.455717579019797370e-01
1.145059513551991515e+01
-1.438816371385300741e+01
1.413420001094380396e+01
1.300793591931737936e+01
-1.446599287893752894e+01
2.543877424360797335e+00
-2.685850703431736264e+00
9.752487319448569281e+00
9.622791772911227781e+00
2.854755724987644072e+00
-6.398160020031296469e+00
4.407338674088585151e+00
1.064048070565193882e+01
-1.130740753323621206e+01
-1.130148916613277166e+01
-1.398323352899712901e+01
-4.647380980612226153e+00
-1.950839842547477332e+00
1.207302225183125799e+01
2.547576981438009369e+00
1.273018240620680430e+01
-5.475540732259418064e+00
4.385723313802312617e+00
-1.485274722999911035e+00
1.191333660437414110e+01
-1.142197935116570306e+01
-1.459157719489321181e+01
1.104690480469418645e+01
-1.003234288078283498e+01
-8.533055898780972370e-02
6.212609413925996193e+00
5.441517595177206346e+00
2.345811339504109583e+00
6.734755202683622599e+00
-1.406593914341020479e+01
5.898665306520435081e+00
-4.405517119065287091e+00
-4.332746896848535201e+00
1.301923467141927659e+01
4.712414718158363769e+00
1.148445783986043978e+01
-1.665843792144096724e+00
9.741759731295012159e+00
2.580002206937049181e+00
5.394208110506461651e+00
-1.163231341052832768e+01
1.449604763503684524e+01
1.131235809857219010e+01
-4.804149597391008442e+00
-5.880719694234793238e+00
3.387899216339818054e-02
-9.792993525625700357e+00
-1.337784980377987054e+01
-1.444812574638905289e+01
-4.535785106755431784e+00
6.013790420996347308e+00
-7.756737615228342264e+00
-5.967025186380940482e+00
1.110913451027271748e+01
7.952180657103326666e+00
4.957562335253395958e-01
5.059674686887603912e+00
1.411199805425301079e+01
1.029217779199643346e+01
5.141878497662560221e+00
-6.889431560567478741e+00
4.965362139056868074e+00
1.167813754802848436e+01
-1.097706667581171303e+01
-1.041831626352194284e+01
-1.275817215049051612e+01
-1.072397942606156462e+01
1.080584652279189584e+01
-1.975443624567150280e+00
8.487328694176305532e+00
1.421254496733141792e+01
4.425107763581472398e+00
-1.097693303893082373e+01
1.507314496554315042e-01
1.414821966760345617e+01
1.318590302673703363e+01
5.863223969139813363e+00
4.607312229665403436e+00
1.343965504479656659e+01
1.914019984137759423e+00
1.121638180824940179e+01
6.496691512071372188e+00
-9.024999108518247937e-01
1.304019384640199419e+01
9.246792763157763773e+00
-9.065370090209246001e+00
-7.096330718289958206e+00
-1.382951814501485011e+01
-1.183374941091939903e+01
1.447133907434104216e+01
-1.241379938131004756e+01
3.307612387776465823e+00
3.293485951346827534e+00
-9.392856408189718564e+00
6.559738961343974495e+00
-9.064745242714479900e+00
-1.191728679658484324e+01
-1.069432362446534768e+01
-6.832502787903761643e+00
-1.312637306685379812e+00
5.921083305739692548e+00
-1.447544010080450150e+01
-1.126107153660816351e+01
1.620540971096470884e+00
-8.776102338028142213e+00
3.499775429992965314e+00
4.579293710994335243e+00
1.271277316036009353e+01
2.327793342268176247e+00
8.475862043350762320e+00
-1.447488138036956329e+01
1.202780266973561396e+01
-1.196267131429978647e+01
3.248986066257799621e+00
1.239343846462474730e+01
-4.561756823204889955e+00
-6.603375377963303094e-01
-3.889483784275125089e+00
7.148997132853587289e-01
2.297387165161627109e+00
6.058066117009321516e+00
-9.006646984001083212e+00
-1.436579707395260463e+01
-1.167085184277877197e+01
-2.018024899735900490e+00
-1.174827352656251378e+01
8.349773928695913838e+00
-1.285084153744241142e+01
-8.631794113986487105e+00
-1.017216400054759085e+01
1.247951926231160158e+01
-3.942151478118963936e+00
1.376337331430795174e+01
-1.465998809861495289e+01
6.979196827335748310e+00
-1.258435929393398212e+01
-1.007100487399519295e+01
-1.356236073738122094e+01
-7.180947431561213179e+00
-7.719778588754514281e+00
-5.017452073589387496e+00
6.325451882287104866e+00
-8.522337004173611064e+00
1.405020440271902871e+01
-1.033912859895234426e+01
-4.870808038799507855e+00
-1.396739404602489643e+01
5.772227915822497835e+00
-1.418885510056697008e+01
1.300037071878211847e+01
-1.346849501865728982e+01
3.606072563670444708e+00
1.497637863532278857e+01
-6.620144960525532696e+00
1.374600604474377619e+01
-1.070251696508388761e+01
-1.395440586067992328e+01
-1.481627647429166039e+01
9.605802045085063412e+00
1.012067460772219363e+01
1.171165105680821839e+01
1.135625086768306957e+01
1.399236033041396965e+01
7.206825274436333473e+00
-8.000626365125516060e+00
-1.370275919055324287e+01
-1.399878265679152278e+01
1.241696168646552323e+01
7.756778389425555531e+00
1.337456452881943747e+01
4.055345361747640709e+00
-8.362274475142417174e+00
-6.368906121309375834e+00
-1.138603073291142387e+01
1.261161969062694865e+01
-1.150348416631490878e+01
6.475900291645348972e-01
6.582065424079466709e+00
1.310823377247976040e+01
1.374874837080297851e+01
1.776316097925921156e+00
1.037878213765342039e+01
-1.017701637401491155e+01
1.243286978641301488e+01
1.382565174999875524e+01
-1.265506736415199285e+01
-7.766211482227793894e+00
1.152066395798630793e+01
-1.024723758111689342e+01
1.256995907782415500e+01
5.413513629815700057e+00
-6.204140372750632793e+00
-3.505400940431504964e+00
1.259556153212366425e+01
1.369613872864848148e+01
1.954942790094730043e+00
5.477807333436462756e+00
1.123463256827838563e+01
-7.877081637150524784e-01
-1.336977670500590065e+01
-5.054906501481452707e+00
1.050008965292272123e+01
1.125566560328202570e+01
4.960349901979260068e+00
