1.117423605546105847e+01
-4.143687971773147183e+00
-1.115333431039056755e+01
-3.088647204779871203e+00
-5.274927305430757940e+00
5.479382077601478329e+00
-1.149332338345215732e+01
-3.701242400528116150e+00
-1.063554179058009197e+00
-1.190383418851849306e+01
8.764920484225331876e+00
-6.352615067629955092e+00
1.195915792507381781e+01
8.577809751488622680e+00
1.340449907718373623e+01
-9.454004769951408704e+00
1.390095429177366881e+01
-1.464333532217057687e+01
9.684825939235249592e+00
-2.731951666063089590e+00
9.958747014307398615e-01
-1.301125971648447077e+01
-8.615714587099613908e+00
8.502943333578350860e+00
1.413627545859337786e+01
3.246714525251455541e+00
-1.342194649624360459e+01
2.152642919373970898e+00
-1.469506143825094036e+01
-1.438123675667413082e+01
-1.260946799239375693e+01
-8.272977414639136384e+00
-9.581087777860114230e+00
-5.902471148164391224e+00
1.141106981230962703e+01
1.330107295846634230e+01
-1.225964010969037155e+01
-1.297313656711822460e+01
-1.052315996032950274e+01
-9.536646600008893415e+00
9.376382038362685023e-01
-1.319567694664293711e+01
-1.452729249928675692e+01
-1.171900081996898990e+00
1.334502985294323807e+01
1.334891756616972458e+00
-1.139536761566357370e+01
7.330372434999610221e-02
4.423286155090700333e+00
-3.787674671232601042e+00
1.406816899204557814e+01
-1.084722294497973216e+01
-1.491178233667646502e+01
-1.489806744781723324e+01
-1.230538435784211515e+01
-1.157809294132064970e+01
-1.243983720954254579e+01
-7.280000223789767411e+00
1.198068221767346131e+01
8.583779839877294648e+00
-7.314751075822956139e+00
2.786477357520961817e+00
-9.139980845274131127e+00
-2.592525508430234993e+00
-4.726722883432236344e+00
-1.268975275905699540e+01
1.278717233046057089e+01
-4.817070915754737115e+00
8.444895808127178327e+00
-6.445505189449592720e+00
1.293442051754282929e+01
-9.099534681961589655e+00
-5.253341006377755917e+00
1.446924271363242909e+01
1.088827543584202573e+01
1.485454696160834231e+01
-1.248564547805724168e+01
-6.174666650244720500e+00
1.491220757627361593e+01
5.934961388506213353e+00
1.461453278174508696e+01
-8.291659716092901533e+00
-9.084489480360854685e+00
-1.290384994522234408e+01
1.439566174037197754e+01
1.454051150958380489e+01
7.561863510193756355e+00
7.171481357748842100e+00
1.057806745032836915e+01
-1.430419879806411387e+01
1.007085021588109797e+01
-1.479533111785861088e+01
-1.721769365421907949e+00
-1.451791199723210291e+01
7.610120926839993416e+00
3.820081897884598732e+00
1.232286525946253164e+01
-5.023018417847756822e+00
1.282954688439406254e+01
1.443053608020624168e+01
-5.794784271856253000e+00
1.103324527390772758e+01
4.599768646423047613e+00
-4.538196647695674102e+00
-1.484168118058687114e+01
8.605965671529940408e+00
-5.892054398367394086e+00
8.416016585622003277e+00
4.258756676538403951e+00
1.479489386077574409e+00
1.006452829556760165e+01
-1.032272278792428821e+01
1.442299505567246598e+01
5.977653749441156350e+00
1.226111780831001141e+01
5.827268674738540710e+00
2.773673849294262084e+00
-2.760609528336708252e-01
6.821753351106011110e+00
-1.233555756055103636e+01
-1.297633132965501446e+01
-1.420057956228738405e+01
8.412386141472474321e+00
6.019422523898523281e+00
-2.704411145873974576e+00
-7.206187954787592886e+00
-8.940208225919295870e+00
4.686323564595397784e+00
2.171124533956145797e-01
1.118834180850711135e+01
-2.347768574697608912e+00
-5.109277250651736324e+00
1.058084017796235798e+01
-1.089427447855692677e+01
-1.084632837286825158e+01
4.260451967673859031e+00
1.241993222404876107e+01
1.975275487953730646e+00
-1.032122581766813596e+00
-8.036542029895933581e+00
-1.084476794169208880e+01
9.479320857004577050e+00
1.119671766206427321e+01
1.082047608249423476e+01
-6.876666101243149143e+00
-5.455681927247582053e+00
1.217109635232061393e+01
-1.087726120022083265e+01
-1.082512768964090810e+01
-6.957336223706017009e+00
4.202684881693375729e+00
-1.276535201969096356e+01
1.160059282178011131e+00
1.492648731261645167e+01
3.877149122036804840e+00
-1.162590934179546842e+01
-1.133328757007077314e+01
-7.944086137900456812e+00
-8.175101149205552531e-01
6.359143642206753100e+00
3.461084590093364000e+00
8.712605727665128086e+00
-6.197472358134106685e+00
-9.013601850101256474e+00
1.184462502231611580e+01
5.641741386379205636e+00
1.968461123571422888e+00
7.568299278884015990e+00
-1.339580930532517300e+01
-7.108802418088174591e+00
-1.005059320733382044e+01
8.883029077835608689e+00
-1.398310520954217395e+01
1.341041977000043772e+01
8.802985507277995225e+00
1.805849280778282662e+00
1.101901324505361401e+01
-3.327467239820267153e+00
-5.216627970361003008e-01
-1.392609454556604476e+01
-6.403921647116042948e+00
9.190201592316295631e+00
-1.293117796721613644e+01
-8.525239552714598545e+00
1.377764680261362429e+01
5.917661690943202046e+00
1.242593289003592716e+01
-6.915446057890502374e+00
-1.154159130471917294e+01
-6.426557820485241379e+00
-9.041495434702985889e+00
7.658812817792288286e+00
-4.056213640438253165e+00
9.973319066856117132e+00
1.091868437915436729e+01
-3.355788265664715553e+00
1.266133617889607521e+01
-6.103662366266846107e+00
-7.306810120338140813e+00
1.047468703593773398e+01
-1.086051155629581899e+01
-5.029317860161286902e+00
-1.390122121745790196e+00
1.007192651321926746e+01
-7.407832934516330070e+00
-1.124955552048679408e+01
8.055882539091253847e+00
-1.000015212878612658e+01
1.260509401298707033e+01
1.280271819437736269e+01
-7.389623899297480314e+00
1.300799622959893043e+00
-1.138380823547695186e+01
-2.007386115912508373e+00
-8.746374559681386884e+00
9.619138558353476753e+00
-5.401153880392739026e+00
1.447410305587292356e+01
1.065739364661633104e+01
1.104661797290396308e+01
6.859876110065481924e+00
1.453867668939114211e+01
9.892272906058792614e+00
-4.287190632844987803e+00
-1.199133603135421033e+01
-1.461568105345981294e+01
6.710194829008955253e-01
-1.380583970033734786e+01
-7.940944894382639063e+00
5.368049373208062747e+00
7.617605754240905469e+00
-5.694748910848275614e+00
-1.279636374325549220e+01
-6.172604029671060033e+00
1.054481330139900663e+01
-1.492232096200094205e+01
5.383603166377806559e+00
-7.697803377079173615e+00
-5.617571280944760659e+00
1.199895780769676534e+01
-4.697937962026854208e+00
-1.007460775547797383e+01
1.307879841052006853e+01
-1.123407394494165779e+01
9.863149493588061034e+00
6.145124976337221767e+00
-5.182024368907534040e-01
-1.147339409148745837e+01
7.255893341903689731e+00
2.226832018077377739e+00
-1.393937957236165559e+01
-1.242436741951627255e+01
1.433997376454838246e+01
6.527929139514760948e+00
4.569531060495013008e+00
6.123635116759142960e+00
-6.577732349451993699e+00
-1.428501074752893985e+01
-4.873728705460285582e+00
6.344003752783443417e+00
-8.365557870058015766e+00
5.623160467675205609e-01
6.427983564759689017e+00
-1.023944149702373352e+00
-5.142036060322212165e+00
1.339199399558658854e+01
-9.356260520922313972e+00
-8.878027626685458529e+00
4.288936570657853053e+00
-9.758888180811450042e+00
-7.420289243134705615e+00
9.613892248048838240e+00
1.079919014433158964e+01
4.637672742562656936e+00
-9.059659921144842087e+00
-6.152799070057497488e+00
-1.462178313217402348e+01
-1.347349108220786640e+01
6.464876263488452679e-01
-1.038941673725375026e+01
1.407235535775976487e+01
1.126375939632128720e+01
-8.990275940428713142e+00
-8.157441177822455813e+00
-3.780414740755139391e+00
1.386139119316489854e+01
2.305430763265626126e+00
-3.089458785644726646e+00
-1.362367147128125211e+01
-6.233204722454194879e+00
-1.107345960010408703e+01
1.483398442499777659e+01
-4.571015329818095552e-02
1.301019098632350079e+01
1.248240631519742294e+01
8.211331168082356413e-01
1.169011571275873962e+01
1.490156167714208024e+01
1.245310765999169789e+01
-1.085280806891595162e+01
1.246637204893444917e+01
-1.137025414493952979e+01
-9.496684568242915958e+00
6.025054328965353534e-01
-5.411499068569810333e+00
7.411166773724445989e+00
-1.211686063131835311e+01
1.294615164475494140e+01
1.352721203367735114e+01
-9.366010523856923342e+00
1.276752499919406958e+01
-1.991163271939525359e+00
1.047812176915429205e+01
1.366158853593967137e+01
-1.411407093808163005e+01
6.891528794907568312e+00
-2.076443274856858423e+00
-1.005029639690167542e+01
-2.010682669375526643e+00
1.207209906702484759e+01
-9.633885883613906742e+00
-1.136472249619245467e+01
-6.993966531004002007e+00
-1.374362616163956652e+01
1.020051181944975482e+01
-6.278547862759108256e+00
1.174545141602909126e+01
-1.465033969654032120e+01
-8.251563505536946508e+00
-1.205600768603500939e+01
-2.556597994572078036e+00
8.287638529915959396e+00
7.188778136253830553e+00
-1.272948314517291024e+01
-1.425241005714428155e+01
1.391353045796495991e+01
-1.137582310805568397e+01
2.717304002493285964e+00
-9.749720571783637268e+00
-1.435852023648041964e+01
7.296869406513462053e+00
-9.237294568807524087e+00
1.420120420414034612e+01
1.176178832842906630e+01
4.234699109882832602e+00
1.308768687730390923e+01
-1.232232343774219707e+01
1.409031832236062343e+01
3.936638411226439871e+00
-6.890227692758648104e+00
-3.211526341208990942e+00
4.267621196832667607e+00
-1.411953245331315721e+01
2.867388932950561298e+00
-4.359539227172355424e-01
1.232805911729309400e+01
-5.819587854178831066e+00
-5.742711007330495221e+00
-1.497849977066944405e+01
9.498933480395493234e+00
3.964057582137776592e+00
9.034515930078317325e+00
-1.184742724763830246e+01
5.429744167772806662e+00
6.810963695227844283e+00
6.737242123067417765e+00
-8.971872427409994799e-01
-1.385047509917663433e+01
-2.387938557006807017e+00
-3.032948733319084766e+00
9.674850380705052544e+00
6.747558991817488305e+00
9.012770749517546420e+00
-1.059310400614197434e+01
4.288567492721728769e-01
9.227988705258074020e+00
-8.899972867060400361e+00
1.384168453250947906e+01
8.332740623676180292e+00
1.192688677562169275e+01
-4.743959719091439098e+00
7.556820422065751330e+00
-9.038020885043547281e+00
9.547469025635187734e+00
-1.324132989414883532e+01
-1.162813009404553455e+00
-8.070351455356647108e+00
1.283381887772243957e+01
1.466215400059968488e+01
-1.310285876093819013e+01
-1.320452703493470814e+01
-1.291496338482551032e+01
-1.323311266348731507e+01
-1.351270853059233801e+01
-1.094878499648287296e+01
3.862666448026718768e+00
-3.939267327007476283e+00
-1.179974050071254865e+01
1.469755099874823046e+01
5.405729736309975664e+00
1.483721311335688497e+01
-1.134981456408615763e+01
-6.309410079488051437e+00
1.489846395357751874e+00
7.017638508953538690e+00
1.637560048643805999e+00
-9.383305849982063407e+00
-1.050015437273042451e+01
-2.622233610076737165e+00
8.226339147997617118e+00
1.456463260680014926e+01
-1.445322879634831459e+01
1.490369252400321187e+01
1.136365451025396567e+01
4.087411660789680212e+00
-5.936115549900156552e+00
-1.499060057740092589e+01
9.406604303087025443e+00
1.401685916329059367e+01
6.422395045876836406e+00
-4.731613148218077214e+00
1.383825009848940013e+01
-7.501340277038419657e+00
9.009751022227682427e+00
-3.661798057366853598e+00
-2.739826258338423415e+00
9.422894264931969133e+00
9.634727058324639160e+00
1.020741435193003355e+01
-4.535796507676774780e-01
9.669388957436741094e+00
6.277340686373204193e+00
-2.081315201477449861e+00
-4.684489713824419255e+00
1.459056930643120609e+01
-8.506514922652050004e+00
6.329434641879618795e+00
-1.023345969758251428e+01
-7.060645017322002559e+00
1.499068565841149336e+01
-1.362308337986879181e+01
-1.366500888037589867e+01
8.530683896278006273e+00
1.126824165618840823e+01
-3.829816332197303552e+00
2.345788257585248004e+00
-1.423703193431533620e+01
5.243293406759111264e+00
1.131367228204533504e+01
-1.213164838353761610e+01
-1.179493995097981696e+01
-1.308800681244512631e+01
1.045336771836337064e+01
-8.320070705466875438e+00
-1.230760945834905762e+01
1.061583039027494380e+01
1.211929791823283864e+00
-9.377260609777737344e+00
-1.288754899503809881e+01
-3.365254814001714223e+00
-1.430373947478613772e+01
5.154002664154429425e+00
1.038079947504799350e+01
1.064999450367933065e+01
1.010910644118337487e+01
-1.379980330898788843e+01
-1.038607772879548818e+01
1.453516050850204877e+01
-1.043180334161172595e+01
-9.994307415581378251e-01
-7.060930569644826349e+00
6.627263681060437506e+00
1.469786992178040208e+01
7.121130707768163148e+00
7.433006736994759223e+00
1.260142683798526875e+01
-1.474440817810931748e+01
1.152918002796897312e+01
1.304458895998979528e+01
6.045793361625690920e+00
4.449520084479026139e+00
5.799137434947454040e+00
9.278378599184897269e+00
6.083660057035213953e+00
-8.100404899077489063e+00
-8.842786820180497998e+00
-1.321201864854757702e+01
-8.399125021747225972e+00
1.327667911997270522e+01
-1.438310454633483104e+01
9.325029065645214388e+00
-5.772710332281352663e+00
2.966633335627047785e+00
-1.000234295085819269e+01
1.172066065268038670e+01
-1.306339261314469624e+01
-7.448262051213134782e+00
-9.840161001243306060e+00
-1.007903811369017077e+01
9.708219947047485476e+00
