-3.803981341127204985e-02
-4.872461996102508408e-01
-2.636469071914679940e+00
-1.845947847875220260e+00
1.676675573269199582e-01
1.871838754741128596e-01
-1.417245421633140712e+00
-2.243311559686527179e+00
-3.058031621541299927e+00
2.317271656863677975e+00
-1.053057820199120087e+00
1.733339250942160348e+00
2.280411630761244091e+00
-1.849830389977174194e+00
2.774812960139799500e+00
1.178747386325927238e+00
1.988063517064497354e+00
-8.229747922545449512e-01
2.549551493661617485e+00
-2.254906429739005347e-01
-2.582340730116379213e-01
1.213973028072168781e+00
-1.310380999819251935e+00
1.461411020405650518e+00
3.120273804415873542e+00
2.442944100160266530e+00
-6.236384598295185988e-01
4.578451872246303012e-02
-1.120382820444385974e+00
-5.371395983443458810e-01
-7.869572139123985899e-01
1.145936195516378042e+00
-1.501414551927260810e+00
4.784654129861252159e-01
3.069731894728882082e+00
2.623284728826344114e+00
-8.338200120326906273e-01
1.107249788872565865e+00
-1.893574994735963468e+00
1.575013714726233971e+00
2.840501116072410959e+00
-2.488254380697259016e-01
7.656428101663488306e-01
-8.946314313490644210e-01
2.931631558390712655e-03
-2.282928898844253762e+00
-2.884377952203835971e+00
1.483290766804355343e+00
-1.342370415905801195e+00
2.807133480110601376e+00
1.346174553338098434e+00
1.478407554573665017e+00
-2.142848681945550560e+00
-8.410978909518633806e-01
-3.050455240426955150e+00
1.112643235167647404e+00
-1.161493194131132611e+00
9.046190192066019264e-01
-2.425559631976289765e+00
-1.132090303606756443e+00
-2.081784425150389417e+00
1.527233056178237014e+00
5.207229525530157055e-01
1.060076118058496775e+00
-9.340585823243290342e-01
1.989469315228697965e-01
2.722921191667589724e+00
2.254838182828310167e+00
-1.093305118198649506e+00
-1.463159217623568598e+00
2.813268007164030138e+00
1.360943126978802376e+00
8.314942070174522470e-01
-2.880801111301491080e+00
-3.979168595348099302e-01
-7.715669403287441774e-01
1.195716801520953609e+00
-4.819895835804275386e-01
-1.885443309553570090e+00
4.805230799995658941e-01
3.056420165630469477e+00
-3.101251162800447769e+00
2.377964564815565396e+00
3.771267385036667363e-01
1.884353063138237694e+00
-4.246799811171984018e-01
1.675843697741932203e+00
-3.137004387505042402e+00
-2.278641825264442922e+00
-9.836189785727444956e-02
-2.835286428060801445e+00
-2.162362401883043184e+00
-1.052456577219884615e-01
2.212846439194131598e+00
2.808387128301770730e+00
-5.928737763122255977e-01
2.483001526832050665e+00
2.435261409629818630e+00
3.137681039250962201e+00
-2.644275397302322084e+00
-3.060068506402632060e+00
2.228366778614286225e+00
-1.369942083726274351e+00
1.472489060229231761e-01
-1.723449062181764857e+00
2.901996593592223839e+00
2.602855184620509910e+00
-2.201364773616160786e+00
-1.536729782832037206e+00
1.592564062341865316e+00
4.602934004769960730e-01
1.966937538745949787e+00
1.660673257193145957e-02
9.956248875580513413e-01
1.689583069205045085e-01
2.588199965073175512e+00
-2.236708940446000327e+00
-1.329365532609418921e-01
1.289558940047744962e+00
2.332836955151154967e+00
-5.418404331480441982e-02
-7.492376184043432197e-01
2.480760966866690787e+00
-1.261750877547245686e+00
-2.679351820148382135e+00
5.732249525393000589e-01
-3.044768112449113051e+00
1.309454033158589326e+00
1.443568789067001923e+00
2.285832957846704261e+00
2.104258082343470448e+00
3.068983923162726946e-01
9.026336223306135054e-01
4.743687910273868269e-01
-4.085967892463013840e-01
-9.919349844019897944e-01
-3.599111626539519548e-01
2.979959899697623094e+00
-1.885997998769636252e+00
2.629757154926129381e+00
2.340882984254271548e+00
-2.816239790501606777e-02
-1.974995111427659822e-01
1.606470226859430639e+00
-2.011948495322674280e+00
-3.101230488051474055e-01
2.504440323629662402e+00
9.445667130475925433e-01
-3.087196066420449636e+00
-2.233711043254886786e+00
2.779030954250750085e+00
5.224320247681997209e-01
2.888537246906099476e+00
4.087431952522333489e-01
-1.731416216532009944e+00
-2.718443310841022864e+00
-1.440020394249026392e+00
-1.249099498230545446e+00
1.087160385954616615e+00
2.609371416721807613e+00
5.097334673248865577e-01
5.766512601067277366e-01
2.625685087629601178e+00
1.644883029286308584e+00
5.385480080825604254e-01
2.324952036767339081e+00
2.698651004259176922e+00
-4.070087777667645845e-01
-2.124249698926910845e+00
-1.752352633388598369e+00
9.036117007741095719e-01
-2.618590151982347347e+00
-2.003506032320557573e+00
-2.062171265983483437e-01
2.498724662502694649e+00
4.945193314643088200e-01
-2.075630486303909450e+00
-2.840488142539090877e+00
2.208072967912526607e+00
1.398549443731675446e+00
-2.896199452215070469e+00
-1.462351870333904458e+00
-7.938592521012814984e-01
1.933378183632026293e+00
-1.326959192803055299e+00
-1.364848254649380976e+00
3.215991660129748908e-01
1.290522512614789896e+00
1.584708281887858838e+00
2.100096805648125731e+00
-1.595317543400271987e-01
-8.259540628296146991e-02
-1.480532218272623934e+00
-1.645041638859661814e+00
2.152817988548926031e+00
2.828413770317547815e+00
-1.154350197143322765e+00
1.222176469880920102e+00
-3.591906489684819626e-01
-3.049640327811493634e-01
2.845857486561345517e+00
2.108502869426253312e+00
-3.032773135607054193e+00
4.256604225738769287e-01
-2.089028601040611832e+00
-2.444625402520734347e+00
-9.001227312407364956e-01
3.086620666516716405e+00
-4.911409845721381728e-02
-5.976692295257701737e-01
3.056441860867783689e+00
-2.616516999543718303e+00
6.746111358993038820e-01
-2.810769645430093888e+00
-2.249024901220544326e+00
-4.388262122330899295e-01
-8.020017697456882644e-02
-2.259969662318478623e+00
-1.531792294886802130e+00
2.852714470739649677e+00
1.052059829102683253e+00
-1.445436470235197612e+00
1.772212360098206041e+00
2.195419156368068059e+00
-1.035234556279176932e+00
-2.671496793017738902e+00
1.016203520176856223e+00
-2.267363667836546970e+00
-2.478115750591881383e+00
2.063420736649724141e+00
-1.592516949430762052e+00
-1.888735174905409764e+00
1.840223132868074707e+00
-2.724692152473298101e-01
-2.207867283557807703e+00
-2.445291799921437637e+00
-2.883410889563768897e-01
-4.801721851552014364e-01
-2.079182173518451471e+00
1.434453129955798545e+00
2.331189274688375335e+00
-1.411628106838873409e+00
1.880831452201520371e+00
2.766147827755389699e-01
2.280785806310104746e+00
2.525324604839875420e+00
-3.023751486300736424e+00
-2.621081927355201291e+00
2.313486002168403388e+00
3.018608044231725351e+00
-2.176790003808807050e+00
1.282210216362435595e+00
-1.967027976977027803e+00
-1.836922200499477187e+00
-1.829226209652828894e+00
3.899663640960926436e-01
-9.536735130510627378e-01
3.094303738778860335e+00
-2.781499341246473911e-01
-1.748537092157540940e+00
2.136456348090372437e+00
9.240390602159402889e-01
8.653501025816154879e-01
1.571133240456967783e+00
-7.044131304593705956e-01
1.339779493906616992e+00
5.658136966541471580e-02
2.153287822610390201e+00
-1.127295552685554370e-01
-3.025929324746878368e+00
-5.872419638575414602e-01
-2.164079219286147104e+00
-2.905425128938027513e+00
6.389179447737225459e-02
1.214572671124528824e+00
-2.833258547811207340e+00
1.175670227005072732e+00
-2.390702229358641961e+00
2.800957556077948496e+00
1.238712088689213786e+00
1.665125096311994568e+00
7.512723121613751331e-01
-5.961222299696347093e-01
2.689309495575016307e-01
-1.425739090075961446e+00
-2.582243260508051641e+00
1.850798383336130115e+00
1.929672361780631284e+00
8.750063132839835944e-01
3.046523909144998044e+00
-2.820345293809440879e+00
-2.061654992227901495e+00
2.790414153526469043e+00
-3.067630373833747370e+00
-2.616401276899308570e+00
-2.238781841011348028e+00
1.230345686504651148e+00
1.735391417335070408e-01
-1.665327322789684983e+00
-2.824666977911304055e+00
2.987387151636431426e+00
1.651933086999692435e+00
8.010194359532603059e-01
5.179325494092545945e-01
1.948742330177047677e+00
2.089093849723896668e+00
-2.498807748287561026e+00
-6.798739579646437825e-01
-1.276535875990184588e+00
2.400771245477308469e+00
-1.176289499040474196e+00
9.572062456510872508e-01
2.432564395264420476e+00
1.206686537954991145e+00
9.497793559781211314e-01
-1.320832639778376727e+00
-3.717327607841118819e-01
-1.412161676048533820e+00
5.653648385264098408e-01
3.955364637230829317e-01
5.675593225442070455e-01
1.702736481091672971e+00
1.672653972333168149e+00
2.453292464831707598e+00
-6.940567936023191997e-01
1.995530815433347094e+00
1.034722915444519664e+00
-2.642505500491173720e+00
4.319918023110340677e-01
-2.954566753536741697e+00
2.150951823605834257e+00
-1.148097027687784655e+00
6.581412089993738945e-01
1.425507704017375588e+00
2.164246824641261391e+00
2.347413486367833535e+00
1.289734054826263687e+00
1.844878803760684249e+00
-1.163616570311201137e-01
-1.148275804067033556e+00
7.458775211203660938e-01
-1.750768395976369796e+00
-1.300624782680369629e+00
3.379065913450260972e-01
-9.006094142183607154e-01
-1.613545758091585736e+00
-2.105618409976462324e+00
-2.307626219609876017e+00
1.702311196823776740e+00
-3.960910741557692738e-01
7.864534191157961374e-01
-3.539327573896144941e-01
-2.153085528100126211e+00
-2.732113092508283270e+00
-1.010514712317319042e+00
3.090622725621232192e+00
-5.836502237631662204e-01
-2.027287478921458330e+00
9.224560451132841621e-01
-1.666224885916819165e+00
1.752638899906188819e+00
-1.400082064487582434e+00
9.745246066866490864e-01
-1.145897411663484800e+00
-2.091662818036823523e+00
-2.030723905549737474e+00
-6.296169574040395567e-01
-1.441330361974512808e+00
-1.816843734552866740e+00
-4.386815473469058979e-01
7.076868650848160414e-01
1.620271309226855472e+00
1.397047802040195741e+00
8.476423056968052094e-02
-1.087774315597460184e+00
2.437121410679385036e+00
2.062692142773367543e+00
3.027869924581835015e+00
-2.813863069083786250e-01
1.962808374467821082e+00
-1.135989713602422846e+00
-2.617498558600676706e+00
-1.380614222856604290e+00
1.819850660115204022e+00
-1.709066434251438338e-01
-3.060102000284381063e+00
-2.279489383713745099e+00
-2.172488136315295026e+00
-1.166548072933985658e+00
2.918422712813393716e+00
-1.911999554725600792e+00
-2.607655393949519507e+00
-1.451997311644411370e+00
-1.776532597651438117e+00
2.106853958982899400e-01
-2.834333592890632136e+00
-6.417190110288832905e-01
-2.419163835102623672e+00
-1.671186228120436379e+00
-1.457794778873549468e+00
1.098438619908849390e+00
-2.870846564031185544e+00
-7.544524388782840596e-01
-2.474520958688231076e+00
8.233784257935754525e-01
1.347787330071000156e+00
2.116095137517721270e+00
-1.942097489563506141e+00
-1.223004752539917694e+00
-2.759920898070246320e+00
2.573830713817716997e+00
-2.522627314343481864e+00
-2.425330607589650356e+00
-1.905802626108360487e+00
-2.637059057684103536e+00
4.642397065829406699e-01
2.438628287560241859e+00
-2.572540589043780912e+00
-1.836347479389123682e+00
3.692111361377268253e-01
1.892468364193315544e+00
2.631742175788961191e+00
-1.191584918142317040e+00
2.617975319684178181e-01
6.078613798025194193e-01
-2.793057923884942451e+00
2.966668179681548168e+00
-1.184718861779008758e+00
5.032640890422244162e-01
8.838655267515038716e-01
2.940601723034682813e+00
2.572793796184668302e+00
3.030553446508783111e+00
6.023945435221365052e-01
8.857939053209529234e-02
2.181636236660572159e+00
8.688019286721315737e-02
-1.101880682724301952e+00
-1.276116421491724218e-01
-1.300640140844833148e-01
-2.018134033524976445e-01
9.510389627982229754e-02
-7.711144908065303838e-01
-4.919454696644582903e-01
7.098288297842816341e-01
-3.052335643695665457e+00
1.818710189771787888e+00
3.128925296328023187e+00
-1.675978824156577396e+00
2.168983489649835228e+00
-1.190288693466581726e+00
4.509845504142169226e-01
2.079290221377948278e+00
1.052204151031317814e+00
-2.004246332166359501e-01
2.869797764910615889e+00
2.075238358611064982e+00
8.384299467860896193e-01
-1.071186499515643931e+00
-6.307435684077189464e-01
-2.822889462684465833e-01
7.998839983924814767e-01
2.227734443283003962e+00
2.450282877807814508e-01
-2.561049182134719882e+00
-7.566126093000122843e-01
5.150108697624182774e-01
-1.199290606180001717e+00
2.108265067875866983e+00
2.570008531993591916e+00
3.326069948687364608e-01
-1.773771539033952793e+00
1.311724488159567770e+00
8.352787036832047818e-01
5.293427480909573823e-01
-5.050892846570458339e-01
-6.419987943611071834e-01
2.683431307024375378e+00
1.876906542318836912e-01
-1.144130426199575501e+00
2.912673951842366549e+00
-6.221395005061434169e-01
-1.110015134002327208e+00
-1.116741374813307264e+00
1.514310521055401537e+00
1.326207100690011131e+00
-3.829784409248291333e-01
8.817751076771251917e-01
2.217817030782059717e+00
2.310494065070754388e+00
1.643174711704351587e-01
-5.301252054336536013e-01
3.339722782647767119e-01
3.454969955880713428e-01
1.338065870703459836e-01
-2.716936119356917700e+00
1.725338759803172195e+00
-1.119374886665771562e+00
-7.538482315915091547e-01
1.514106771018602693e+00
