-8.630019572318401444e+00
-1.394682306145915618e+01
1.174011153868377377e+01
1.170504744880211234e+01
-6.402217570530353896e+00
1.176391374060170847e+01
-1.389393098328386955e+01
-1.309571978144460402e+01
-1.378899546555448374e+01
-1.162466640853623545e+01
-7.669592169587962971e+00
-5.596652333137161150e+00
1.498102371735961569e+01
6.772087502498674638e+00
-1.009880391494833418e+01
1.003368699895703031e+01
-8.844217600124357759e+00
7.740633906660953301e+00
-1.488563733809423972e+01
-1.241650202644173540e+01
-1.394572828230141859e+01
-8.568783623043785269e-02
1.429060572982533373e+01
-1.277883049520630010e+01
-1.205462803724009824e+01
8.311429250101088684e+00
-2.665820009619206843e+00
1.139647383090226285e+01
7.201796561139893527e+00
1.418086316210589004e+01
6.421766962827124559e+00
1.327320221147347468e+01
1.483364412234693219e+01
1.209576820925050100e+01
6.542743855166261113e+00
1.224318516735938900e+01
1.012539541178606939e+01
3.236814039775481433e+00
-8.336569434300038495e-01
-6.468821163085063830e+00
1.285196172004778958e+01
1.386908773525728833e+01
-1.554978275308259938e+00
1.209714133241294221e+01
1.039857670488202501e+01
7.172044269407152228e+00
3.879835866130989075e+00
1.401248367312114951e+01
-7.385374434559331291e+00
1.248997447510556924e+01
1.439238884663802764e+01
-1.497918427335188696e+01
1.253975317775447706e+01
1.051429904579394048e+01
9.268130568077854292e+00
-9.964474127441533824e+00
7.426806381285395275e+00
8.782276245381037683e+00
-1.042664115440718042e+01
-1.015405453664273594e+01
-1.314663055682212089e+01
1.394297042872259240e+01
-1.491477864287324451e+01
1.001934987302579572e+01
-1.019135755251656761e+01
-1.495785451539322963e+01
-3.288437936699398989e+00
1.220457568902064338e+01
8.689722085548268637e+00
1.444804444539737887e+01
1.021481774030359446e+01
-1.156219526098730910e+01
-1.114080198854916226e+01
-1.125245710074538152e+01
-1.287950699711323210e+01
-2.545503073642093383e+00
-2.392372194786673845e+00
1.444184538596963918e+01
-6.381905955039053779e+00
-1.241770538732175133e+01
-1.345883680802777072e+01
-6.550385561344629792e+00
-9.389421039428949456e+00
-1.449612563297661083e+01
1.210381025734243821e+01
7.818420456824640041e+00
-1.293150991451669896e+01
5.296215427438902168e+00
1.372262523758444885e+01
1.217872945890643877e+01
-1.285780616131660281e+00
1.248737401055716134e+01
1.483739177853196267e+01
1.096153840135579571e+01
-8.390365112350455234e+00
-5.813500364881655003e+00
1.327805084193816754e+01
-1.413485932091109376e+01
-7.269093880248154171e+00
4.491836811548342467e+00
1.099424879759881790e+01
-1.104747653343309821e+01
-1.138287761667994502e+01
-1.123158662838784139e+01
-1.402626850316648088e+01
1.371922319998734352e+01
-9.259985529122799264e+00
-9.290347300519883333e+00
1.168324588791106677e+01
-1.045550383589733379e+01
-3.956087340565391131e+00
-3.181953453444222646e+00
-1.107587955776025446e+01
-8.001576451669862422e+00
-9.906213387743207477e+00
6.906770220223737766e+00
5.107109750973112483e+00
-1.082983968100878158e+01
-5.819358512940526751e+00
-1.068061783317569535e+01
2.532452874710823920e+00
-1.136537403386290279e+01
1.421739155629707696e+01
1.138778953606241728e+01
1.485374800816871144e+01
3.232916208402251357e+00
1.405131400783880835e+01
-9.109449011316460343e+00
6.315569289881448611e+00
-5.630650319022585393e+00
-1.230727051496296376e+01
1.430792743165713077e+01
-1.438779639629078133e+01
1.480475671605044496e+01
6.891706970161479262e+00
-1.488259261696414448e+01
6.313238232747067968e+00
1.499037688188011330e+01
-1.117330624896620783e+01
4.877964847564673079e+00
1.160476802052809120e+01
1.174501108993197818e+01
9.192009738801612428e+00
-1.009243121016057998e+01
1.267456777990013350e+01
1.437462905541300984e+01
1.228717900250607187e+01
3.596539864842664969e+00
9.806914119037795530e+00
-1.488948884051294819e+01
-1.037974731023902031e+01
2.484849364522464299e+00
-5.735460182248651506e+00
1.327471784587570625e+01
-1.214478749480484687e+01
-9.978229380029308260e+00
4.297230846538248272e+00
8.971658215255562396e+00
-1.383222466252669136e+01
7.712533506578303388e+00
1.006235079197090698e+01
1.294500732965951428e+01
6.770345467192441902e+00
1.312399952283498550e+01
-7.838864991813355942e+00
-1.271346312097962539e+01
1.499568523376730411e+01
-1.351574165718522380e+01
2.836119926042144357e+00
-8.329878304816755730e+00
1.266336556980004602e+01
-8.605173711352612997e+00
9.792183743596524437e+00
-7.741971705245237700e+00
-1.873855361112649831e+00
-8.203181513486686782e+00
-7.064813630448226967e+00
-1.352874965314290812e+01
-9.913508610097498064e+00
1.203601854689407702e+01
-1.428055226932878163e+01
-6.225392384537066448e+00
6.082881745957475772e+00
-4.448055774683863817e+00
7.226168919489207809e+00
-4.689836804083073574e+00
-5.771820639653121532e+00
-9.829395404828675353e+00
6.997163029945674850e+00
1.063963986459657463e+01
1.269001664696947884e+01
1.291676029163542694e+01
-4.083993883830402183e+00
1.262572387539128727e+01
1.279464474021220610e+01
-9.762202961092292242e+00
3.897654840095007955e+00
-8.138553526983388409e+00
9.221270543311280932e+00
-1.110517662511582948e+01
6.899029610216093289e+00
3.378630197011592173e+00
1.060801553935760211e+01
1.138848750615120764e+01
1.064420563812070952e+01
1.471423418198766342e+01
3.525654868346450144e+00
-1.416876148877382846e+01
8.781921772099096302e+00
-8.815515853155259762e+00
-1.401699032288831859e+00
-1.172457507320396530e+01
6.142506621483448725e+00
-1.439333271769030986e+01
1.400486492638148661e+01
-1.033980053388916787e+01
5.092866731689174031e+00
1.434163037879714864e+01
-1.198735748618346797e+01
6.934024460683279045e-01
1.466100311409281787e+01
-1.258049578633123566e+01
9.070296035013651448e+00
1.229599764707397114e+01
5.133532829237328343e+00
-8.142718040570498417e+00
1.011653678201245654e+01
9.718170234000666596e+00
4.407366011885770263e+00
1.061228573573505685e+01
-1.474017049936777290e+01
1.244158955174437864e+01
1.145204538282165174e+01
-6.242871483773910768e+00
1.110516915265780113e+00
1.471892739041495091e+01
1.036696558823665981e+01
-9.033294928806974156e+00
-7.408903673416663338e+00
1.714133043817916757e+00
-1.469338692071543484e+01
7.981003288539660900e-01
1.481755036792010216e+01
1.476439349374933840e+01
2.198153977780677337e+00
7.032777057299920642e+00
-1.452487359068050310e+01
-3.807042912330366846e+00
7.554302691697159844e+00
1.453006106251395835e+01
-1.473598240726638231e+01
-1.480905690858879176e+01
-7.562955775307125705e+00
9.303332519489320163e+00
-1.335777293432295743e+01
-1.157528905967203237e+01
-1.124338987820314628e+01
6.242242536042137857e+00
-6.828704266842841264e+00
-1.003944663797153325e+01
7.819064852252523679e+00
-1.046700353973006870e+01
7.159153546846397376e+00
6.410739417065901335e+00
6.625211121245524026e+00
1.269856352453575354e+01
3.364526660658697210e+00
2.399622488025521250e-01
1.134604246391881333e+01
7.336700118825849160e+00
-7.652781305769274844e+00
1.425297440770255264e+01
1.144330457943399537e+01
-1.155438646416490300e+01
1.058517838375743025e+01
-9.094970359421466810e+00
-1.266841058796867792e+01
-1.150600876805959771e+01
-2.237139589411210494e+00
1.458012204437358150e+01
1.409003838072265324e+01
1.248694663591174958e+01
1.410037043999949447e+01
-1.087612739730042044e+01
-1.284926309582862025e+01
1.142079234590981329e+01
7.260891341862841131e+00
-7.547974844878282852e+00
4.745539679019412205e+00
1.608288455120131744e+00
-1.258306427378006020e+00
-7.487378924981653583e+00
4.227839688461219936e+00
-6.342305259298729680e+00
-1.254065793444291543e+01
1.374660954693690229e+01
-1.265183760207998276e+01
1.744549242254088028e+00
5.820139754404529242e+00
1.449191776149395139e+01
1.257802621171105528e+01
-2.394343626921996204e+00
-3.895871703158190869e+00
-1.278159074167346532e+01
1.417160535617535189e+01
1.218158489590137350e+01
1.383482153606417597e+01
1.381931587832670516e+01
1.167323185717391354e+01
-7.044956128605156742e+00
-5.017374148233368913e+00
-1.443305315825456070e+01
-1.311283999347519469e+01
-9.259365889916081116e+00
-1.326583243809943369e+01
-1.494224553084645102e+01
9.564531701558614429e+00
-2.713500801998158352e+00
-1.440010983763349195e+01
-6.016898443152259190e+00
-1.340353314803760121e+01
-8.014100925070261283e+00
8.597302529720611375e+00
6.149561823391920257e-01
9.642549550149588811e+00
1.316302806697201788e+01
3.962244716634799602e+00
1.118143460598179573e+01
1.351242972322861036e+01
-4.080898198401799348e+00
-1.469740477166821968e+01
-3.740973134612701756e-02
-5.223212878028443029e+00
-9.289240084493831873e+00
-5.867139635020029331e+00
-3.910996908710634656e+00
-1.395099940922456483e+00
-1.371738612434275417e+01
8.738465246781949247e+00
-1.038457657557278502e+01
6.449468431833032867e+00
-9.244534889513932541e+00
9.343654996972578175e+00
-8.834645507601241121e+00
1.301839965562318469e+01
1.035863605555759648e+01
-1.069889158608647506e+01
1.083214004629691729e+01
1.424856275310257914e+01
-5.977926729378348014e+00
-5.766339781252701968e+00
-1.172637208937565489e+01
3.358954738797471862e+00
-8.520394155405249137e+00
-1.156561497652497295e+01
-1.209892399739316815e+01
1.092784215165992023e+01
-1.063168730383818783e+01
-1.477489236639345016e+01
3.186919007575497176e-01
1.429706507230844181e+01
4.706863189500776201e+00
1.383957652473897326e+01
-1.412601915646544981e+01
7.248640165965287707e+00
-1.303931323948025778e+01
-6.517716222706301465e+00
8.344775983853445211e-01
7.933459343738693548e+00
-1.100724569655848484e+01
-1.154617718903242363e+01
-1.258683510098783742e+01
-7.011092887043294475e+00
5.290576830247399442e+00
-1.267847120608577249e+01
1.047006119721258699e+01
-5.986104335321588366e+00
3.660585238441733225e+00
-1.053710273043351187e+01
8.817117397897391129e+00
-1.030431774222628150e+01
1.239882016679121080e+01
8.084738813729664741e+00
9.280547940826199493e+00
-5.628437828658730879e+00
-7.782776110935424541e+00
8.357345829671142923e+00
-5.829073888400232661e+00
3.616192707301340903e+00
9.175942907733954712e+00
-1.822093296110070426e+00
1.147872697940121256e+01
1.262499805012818754e+01
8.714264470452032896e+00
1.407636572100783212e+01
-1.422155712625126789e+01
-1.367894356913944520e+01
7.376605665105000043e+00
4.620599158934535211e+00
-1.255775874780829504e+01
1.013301842757934423e+01
-9.736248580295367105e+00
-1.307116919023554757e+01
-8.259170175892933230e+00
9.099877853225567748e+00
-1.105402802649871674e+01
1.098165724920944442e+01
-1.004464216347308891e+01
1.157733802064311135e+01
-1.273530264615952667e+01
-2.672082743989319553e+00
-6.069214953771290055e+00
5.198888724272812567e+00
1.665486097618661177e+00
-8.435975440561440664e+00
-1.146464414454083069e+01
-7.883589056562438913e+00
1.305718674970423976e+01
1.434606349062128672e+01
1.022802557176753879e+01
1.378495968284868667e+01
8.417249355028062041e+00
1.869906442272839087e+00
1.410426010577612388e+01
1.494953534236445236e+01
1.269889297090060865e+01
-1.185493082170333601e+01
-7.053402785609171666e+00
-1.061458379150595377e+01
1.221896163152209880e+01
-2.730364237836518271e+00
3.636148631309588097e-02
1.222626356373952206e+01
3.042521451033984192e+00
5.487525065963748006e+00
1.477059250220269959e+01
-1.292456058116126982e+01
-1.387856577689490756e+01
1.447723558502490704e+01
-1.183588897365540760e+01
9.927831246640892005e+00
1.153086861176923250e+01
6.352040007448913173e+00
-6.496479999202755096e+00
1.009897166167084492e+01
-8.780109602660806090e+00
1.316668500314018786e+01
-1.357318803210116087e+01
6.386870751320078199e+00
8.855823402763835617e+00
9.840185488676617354e+00
9.354517028736434980e+00
-3.792130967125560304e+00
1.451747872575883136e+01
7.749545433277937434e+00
4.773438433702732908e+00
-7.516026795849008124e+00
1.020030057917907840e+01
-1.060171791636292937e+01
-9.008318253005242582e+00
-9.690790920439550149e+00
9.592449453250637248e+00
1.193762669437133184e+01
-9.874178819794117601e+00
-1.250237925390378280e+01
-1.204080097469792321e+01
1.497448736441979378e+01
-3.450788409804735224e+00
2.588811344958497074e+00
9.016759478189108279e+00
-7.082067103005598163e+00
1.645237345382618344e+00
1.954532739520342233e+00
-9.391450867279795389e+00
-7.170475768927484950e+00
-8.340131338363185876e+00
-1.491513333015768339e+01
-1.153192395671505288e+01
-1.024429694664471313e+01
-1.076238188644467364e+01
-1.484676077009186912e+00
8.124059235888267949e+00
1.301414629742620477e+01
-7.625380116522094909e+00
7.751583244294984354e+00
-1.442591033686803037e+01
1.456639833471055567e+01
4.319186221109390544e+00
1.111464335409298698e+01
-1.196435040809038597e+01
-2.807846575437553227e+00
-3.563722909769262870e+00
-1.277558129088877337e+01
-6.788568957160746820e+00
-7.715873515490180523e+00
1.362595716232986831e+01
1.028208522388360890e+01
-6.546209030251942451e+00
1.240734873815310380e+01
-1.448904129807251806e+01
