-1.377871125692732690e+01
1.065174759721223907e+01
1.254610873413345828e+01
9.762486234027413445e+00
1.371408235917534313e+01
1.336734008670336138e+01
1.271370618435543420e+01
-1.116430610374955101e+01
-3.782965209111742055e+00
8.404020025355013246e+00
-1.183845418981253417e+01
1.441684371836456080e+01
-1.146943709938531875e+01
9.887382984743801728e+00
-1.417702625553327067e+01
-1.463174346194549358e+01
-7.936618765174657142e+00
1.169834864434271537e+01
-8.207199599082168007e+00
1.443421316719519965e+01
1.013156348328321954e+01
1.248979353192038744e+01
1.281422517982312215e+01
-4.568722348623129648e+00
-3.469789496488848712e+00
-1.163693110874754133e+01
1.219175874385638281e+01
-1.056209872022890117e+01
1.984272079707050551e+00
6.112661708770783520e-01
1.269230973628893722e+01
6.540077460926557507e+00
1.141587026743301791e+01
-7.028496927915828252e+00
-8.025915923011071484e+00
6.508068428509261594e-02
1.236956513404306079e+01
1.075345718781870730e+01
1.059097816533117609e+01
1.247097272273368773e+01
-1.013540599294294431e+01
-1.115379743364881726e+01
5.728009927432122339e+00
-1.312305188700836034e+01
-6.388122026475866022e+00
-9.570596688310816447e+00
1.388485248318482235e+01
-1.145394179620678266e+01
-1.039865782292353380e+01
6.039517893913060931e+00
1.495954126132538420e+01
1.032686678236826694e+01
-1.340521236830197616e+01
-1.179059668528009297e+01
-1.665451075208004283e-01
5.396666014029573688e+00
6.074248269150814394e+00
8.858186220242011188e+00
-1.001101707214637671e+01
-2.039041731821797043e+00
5.689305359831941189e+00
1.470525550679468552e+00
1.265238525488767962e+01
-1.200322810217659786e+01
2.829535779630734993e+00
6.903410573385244220e+00
-1.474915072686738071e+01
4.659543130096302832e+00
-1.025125028658438353e+01
1.172202326105542625e+01
-7.917380834418238145e+00
2.012362804502380698e+00
1.409965925424553745e+01
1.083588580248215294e+01
1.095214355233245840e+00
-1.230274885553582109e+01
1.473779626691152700e+01
9.517783774835162802e+00
-6.429019776799485442e+00
-1.148284308435442114e+01
-2.596966974348752899e+00
1.231645390701906706e+01
1.335904474349149851e+01
-4.409950817713173876e+00
-1.460822482341202999e+01
-8.518511070537055474e+00
-2.915884603775452888e+00
-1.460169043569604952e+01
-1.335497378518458333e+01
-1.455436531628599361e+01
-1.163070538063751869e+01
6.372706284683605560e+00
-8.115928321116054889e+00
1.498619693586759638e+01
-1.408141291222709413e+01
1.251476524077795816e+01
-9.188118532724789844e+00
-1.895092680521255346e-01
4.567525505253996698e+00
-1.135657327046489584e+01
-3.704588954868455630e+00
-4.900850141203944688e+00
8.255734793440112185e+00
-6.345412590142235132e+00
5.580407449114481722e+00
-4.276919451311838927e+00
6.212409353840019577e+00
5.890380279542192454e+00
7.855681643625267441e+00
1.078171662564621158e+00
-9.330680887947906399e+00
3.461096363626531058e+00
-1.891355926498043516e+00
-1.256638049707396654e+01
-8.043656569530448053e+00
-8.486768754882358934e+00
-1.365112363819822860e+01
-5.110085884333537720e+00
-1.261110798515000475e+01
1.366115965517658282e+01
9.384493478810973954e+00
5.132095168657112794e+00
-1.312689754983654389e+01
-4.172593191725988859e+00
1.053001055856551460e+00
1.207542643775825297e+01
9.333563004743052005e+00
-8.578151987878008811e+00
-1.285259983734011513e+01
-1.218865369346309890e+01
-1.488503447770640165e+01
-1.951170669524694645e+00
-1.055162048660063334e+01
1.450148663927909709e+01
3.933193786356650179e-01
1.093194477702346745e+01
-1.023590269401776709e+01
1.383845847739055657e+01
-5.201400283843488737e+00
1.263193954434926525e+01
8.339120718515165009e+00
5.225353803369792161e-02
-1.320351119781169302e+01
2.479801226808014292e+00
-1.272763304159242281e+01
-2.871307495098648133e+00
-3.485137878614974483e+00
1.189692146891644242e+01
2.589969449957656877e+00
1.085422572698757548e+01
-5.369012171319088367e+00
8.938811219532837526e+00
-6.540298815184318215e+00
1.492422164422358932e+01
-8.871309198371488236e+00
5.557207887863143014e+00
1.464727467302587272e+01
1.263183935579739980e+01
5.720025540063687686e+00
-6.332282373477992721e+00
1.174662236810617699e+01
-9.863764315621535772e+00
4.035410283926420760e+00
1.248929531471008758e+01
3.477523078953943525e-01
-1.490305928806633062e+01
8.677637528436015657e+00
-6.104244010521972186e+00
7.425622819532652130e+00
7.791381381821302909e+00
1.321812794763479815e+01
-7.173644144718457127e+00
7.177424351912272016e+00
5.879617513788833350e+00
-1.295651586041451964e+01
1.043258204154079749e+01
1.060690528048267467e+01
1.454242836909952885e+01
1.392502799455303375e+01
-1.265912812117498731e+01
9.332368852390651170e-01
3.231129760204066059e+00
1.207579291428700685e+01
1.379977088266791796e+01
-1.397147011740553779e+01
-1.439750133265242482e+01
-1.147771412088764542e+01
-3.686708125824837978e+00
1.223954725246298736e+01
1.367847710345186130e+01
1.411786458531747002e+01
4.908019878905808042e+00
1.298444080104226828e+01
-1.267984820952515257e+01
1.096932356613242021e+01
-4.908013860663309913e+00
-1.071771114967869387e+01
1.466841615549863320e+01
1.273089247058996065e+01
-1.140420307493047503e+01
7.730531305814391629e+00
1.115466260830918444e+01
1.009909624520739158e+01
-6.919574357951789878e+00
2.432935741277812980e+00
1.347407957510202436e+01
-8.105830228487521438e+00
7.749162348511266174e+00
-1.128172474882896381e+01
-1.066009361583913595e+01
1.250745987726469366e+01
1.428459145538953123e+01
9.914800019815736221e+00
-2.532269733425835057e+00
7.457257734287029649e+00
-1.248376803088255826e+01
1.184841172516459551e+01
2.412113430224003707e+00
-1.150528151393865883e+01
-9.926903075098866935e+00
7.613685493030892815e-01
5.743665298759655258e+00
1.413404139580212160e+01
-1.305408254017341996e+01
1.234711354690394103e+01
-2.867744871198288692e+00
-1.325154725210336970e+01
1.235157372609403836e+01
1.176254244037203023e+01
-7.067454337497125039e+00
-9.748048310715432763e+00
1.027230335218961343e+01
1.332739020765328064e+01
6.203022321694636076e+00
-1.438381775112478067e+01
1.056831072686230044e+01
5.106189322656643270e+00
8.490370988825858944e+00
1.289554307884227669e+01
-3.953035831776430697e+00
8.663271429889935149e+00
8.510195612031392187e+00
-2.196532191067035455e-02
5.493334104994307410e+00
-1.396838927873077729e+01
-3.882232115419313345e+00
7.563872951649564413e+00
1.146556306315140006e+01
-1.390820205466615889e+00
4.614544029702148720e+00
3.692785640261025293e+00
-6.622963175173717687e+00
-4.448135549794818289e+00
-1.128220018097559674e+01
-1.045819916099926417e+01
-2.565341913513428551e+00
1.268500798171490374e+01
1.063831775001154867e+01
-9.337683184721466745e+00
6.914896195284171654e+00
-2.067605161046882856e+00
6.270927983270055961e+00
-1.381266863245798149e+01
-5.786122690655304268e-02
-1.196397799349486313e+01
-1.057149140481775973e+01
1.256668976078129418e+01
7.604802588745204872e+00
6.149458616108194775e+00
6.647735441280058666e+00
1.493416142294090676e+01
1.331548270615264684e+01
-1.028549893097975065e+01
-1.098976903075080003e+01
1.237612052298940668e+01
-1.267073499577251816e+01
9.864878163932271349e-01
6.628396195391378143e+00
1.343705646302474577e+01
7.628842583224692220e+00
-4.781989316656282796e+00
1.206334472543735004e+01
9.466443168287604237e+00
1.117532188015659500e+01
-1.010415383063985573e+01
5.658727232993832956e+00
-1.248672197387095473e+01
6.539627233497544267e+00
9.400564732589042904e+00
1.421983597037228719e+01
1.040309383772679297e+01
4.459520888129180349e+00
1.204448494431756345e+01
-1.323974770206810092e+00
-9.798308635338383255e+00
1.040899378008748144e+01
-1.329408952138743416e+01
-1.276674389627932982e+01
-8.141654704488418659e+00
1.495258047054345241e+01
-7.639416797896214639e+00
1.327961318095141152e+01
8.871732931516966403e+00
6.710819311676434751e+00
1.041086704846848576e+01
1.170456661611533988e+01
-1.418900902240629236e+01
4.324241551616086809e+00
-7.182704334310104244e+00
9.710876453561628097e+00
-7.958350940342596047e+00
-3.349571550787262098e+00
-1.270875829958981740e+01
-8.215754440595254948e+00
1.233526782703329872e+01
-5.027892581752873014e-01
3.421937330324958282e+00
8.948231500906892677e+00
-1.358636578157149444e+01
-1.021879102255367222e+01
1.455961550293733353e+01
7.284615548675702712e+00
1.387916910664127101e+01
8.528307975928136386e+00
-1.306592964176093119e+01
-3.871679888240549872e+00
-9.544368404649535620e+00
1.259854730081422858e+01
7.713939896845666055e+00
7.524951516101232585e+00
-1.135268187260029649e+01
-1.272209647157758639e+01
-1.319265319401115910e+01
7.394603205345074315e+00
1.243693035930158430e+01
-1.176237608523634748e+01
6.844988204795395603e+00
-6.874568163401837850e+00
1.032637409330538247e+01
9.625352392388045075e+00
-1.386657244321724036e+01
1.395218979409882110e+01
7.545548383215141541e+00
-1.302726613674349387e+01
-1.295182351772664830e+01
-2.388950434629519393e+00
3.804989124821201329e+00
6.309475127014863460e+00
-3.607336229903674862e+00
9.599157076053575821e+00
1.334015552973951202e+01
-1.212817961381039211e+01
9.088969091843214443e+00
1.336365677983512512e+01
1.238063605687126412e+01
-1.462038893063013667e+01
5.627772959192551383e+00
1.420417853593487223e+01
-1.138637595103790545e+01
-9.475742454010363858e+00
4.617860399785858050e+00
-6.280368534128781377e+00
1.296205501255847636e+01
5.661919968636460965e+00
-1.140021866525077598e+01
-7.723096636645544244e+00
-8.291073486725721864e+00
9.203886180318491483e+00
-9.138407576728564408e+00
1.381301388817349363e+01
1.067566070690121194e+01
2.798615839866343435e+00
-1.053316340810416918e+01
1.067384209124797678e+01
-3.781645011153948133e+00
-1.302179260537088012e+01
5.207480557900627360e+00
-1.146475938583868803e+01
-1.161070050084354222e+01
-1.216940538105934877e+01
4.640800332028302222e+00
-7.797684415468260077e+00
1.461280393914172393e+01
-5.049951357923953665e+00
8.497468271562780728e+00
4.921508148240825165e+00
-5.459737028192908070e+00
-5.341150756391691345e+00
-1.271076093194562873e+01
6.056874194367210862e+00
9.592801888399144161e+00
6.572326135091827837e+00
-4.472634474753377276e+00
-5.884351501817294050e+00
-7.428749096630290261e+00
-1.488642216419481556e+01
-1.494895373985426801e+01
1.031607671779828195e+01
-1.219765879410501341e+01
-1.168292905828489303e+01
5.725726974698481797e+00
1.001520971012398675e+01
9.669168694741291148e+00
-4.733409034257995529e+00
-1.334649273547927351e+01
9.831321624322065134e+00
-8.147602377585947409e+00
8.752738340390223470e+00
-6.727318846228339311e+00
-1.099496042038322408e+01
-5.524236092497126549e+00
1.110236776951515481e+01
-7.797303711074193622e+00
-1.387581622024368500e+01
-1.387721711818157466e+01
1.338345133226058792e+01
1.799590792381788873e+00
-1.462815313932042471e+01
5.961767567258814182e+00
-8.545836652960563384e-01
1.209236802739397021e+01
-8.133416018510228440e+00
1.190226006823031923e+01
4.097538839678218636e+00
9.039883104153588533e+00
-8.778852261931977097e+00
-1.182424892991205034e+01
-1.373623410248920607e+01
-6.683609226016141491e+00
-1.091620950704552584e+01
-1.429202728130086264e+01
-1.467116310988125427e+01
-2.062853141813235425e+00
9.900311962491684881e+00
-6.866244726355796857e+00
3.821667647102685805e+00
-1.321724089521572765e+01
-1.475129900379415560e+01
9.190561228211912237e+00
-1.230284911560822003e+01
1.094262944979784535e+01
7.377988869997320620e-01
-4.134909226714192698e+00
-1.032345943442670588e+01
-3.157874704000926513e+00
1.465004285018758523e+01
-8.646984455809466397e+00
-5.777937793832059299e+00
-1.345217359265133794e+01
8.171430442094777646e+00
1.063956145918409391e+01
1.202004908035310393e+01
-1.430217967042647409e+01
2.379220799645953122e+00
7.641095342574004690e+00
-1.043197568915783791e+01
1.389471932733298232e+01
1.329624757352889830e+01
-1.240233900177756254e+01
1.294345087603286970e+01
1.028350724352507584e+01
5.381703218028210500e+00
1.421656992143985221e+01
7.906326593315888829e+00
-2.545151727679993314e+00
-4.561459537083692339e+00
8.074997491977182307e+00
-1.275077045959887911e+01
1.050774387662825760e+01
7.745036574686380959e+00
9.424455475951436512e-01
-1.166830629649579620e+01
-1.322680965816496901e+01
-5.977269110577603684e+00
-1.174935413828630359e+01
-3.365512929730781977e+00
4.161387608021357210e+00
1.237523057071944876e+01
-1.464632341557082995e+01
5.497025517291806551e+00
-1.152176472396112317e+01
-4.248896916139948132e-01
9.654967990770138897e+00
-3.864705467640717984e+00
1.165250242802750691e+01
6.566872661192306282e+00
1.490527574138633327e+01
1.259850986038217613e+01
-5.022941637438419704e+00
-1.285215128935809759e+01
-2.058141747337934646e+00
1.464853874769471886e+01
1.396577579999539864e+01
1.138887979162735320e+00
-1.435010093369686857e+01
-9.019952311490705199e+00
1.081476556768656039e+01
1.421091174979534344e+01
1.251507973680676145e+01
1.484687276671638401e+01
